56575800
56982400
56990990
56991000
56991200
56991300
56991320
56991350
56991380
56991400
56991500
56991550
56991600
56992000
56992001
56992005
56992370
56992380
56992390
56992400
56992480
56992500
56992700
56992900
56993000
56993002
56993005
56993300
56993400
56993500
56993550
56993551
56993600
56993700
56994000
56994100
56994300
56994500
56994502
56994505
56994510
56994520
56994600
56994700
56995000
56995100
56995200
56995500
56995550
56995600
56996000
56996800
56997000
56997100
56997200
56997300
56997500
56997600
56997700
56997800
56997840
56998000
56998005
56998100
56998200
56998300
56998400
56998500
56999000
56999005
56999050
57020000
57030000
57035000
57038000
57039000
57040000
57040002
57040003
57040005
57040008
57040010
57050000
57060000
57070000
57075000
57076000
57080000
57100000
57100820
57115000
57117000
57118080
57119000
57119500
57120000
57120001
57120050
57120080
57125000
57130000
57131000
57132000
57133000
57134000
57134100
57134400
57134500
57134600
57134700
57134800
57134900
57135000
57135100
57135500
57135600
57136000
57137000
57138000
57139000
57140000
57150000
57150005
57150500
57150800
57151000
57152000
57155000
57165000
57166000
57170000
57175000
57180000
57185000
57190000
57196000
57199000
57200000
57228000
57229000
57230000
57230001
57230100
57230500
57230600
57230800
57230900
57231000
57231400
57235000
57236000
57236100
57236200
57236300
57236400
57237000
57238000
57240000
57240002
57245000
57247000
57247100
57248000
57248050
57248100
57250000
57255000
57256000
57256800
57257000
57260000
57260300
57260500
57270000
57270005
57280000
57290000
57295000
57300000
57300400
57300500
57300700
57300800
57302000
57320000
57320002
57348000
57350000
57350900
57360000
57365000
57367000
57370000
57370005
57370010
57370020
57370030
57390000
57400000
57410000
57412000
57413000
57414000
57415000
57420000
57430000
57431000
57432000
57433000
57435000
57439000
57440000
57450000
57460000
57461000
57465000
57472000
57473500
57474000
57476500
57477000
57479000
57480000
57490000
57491000
57550000
57550500
57551000
57551900
57552000
57555000
57555500
57555600
57555800
57560000
57560001
57560100
57560200
57562000
57570000
57570500
57571000
57571100
57571200
57571300
57571400
57580000
57581000
57583000
57584000
57584200
57584400
57585000
57587000
57590000
57610000
57620000
57630000
57650000
57660000
57665000
57680000
57720000
57725000
57729000
57730000
57739000
57740000
57760000
57760040
57760050
57765000
57769000
57770000
57774000
57775800
57800000
57820000
57830000
57836000
57840000
57880000
57880005
57890000
57891000
57900000
57930000
57940000
57950000
60016090
60016100
60016500
60018000
60018050
60018055
60018100
60018200
60018400
60018410
60018420
60018500
60018740
60018820
60019000
60020000
60020100
60020200
60020300
60020400
60020500
60020800
60021000
60022100
60023000
60023100
60024000
60025000
60026000
60026100
60029000
60029080
60029800
60029900
60030000
60035080
60038000
60038100
60038200
60039910
60039920
60039930
60039940
60039950
60039960
60040000
60043000
60044500
60045000
60050000
60051000
60060000
60125000
60171000
60181000
60187000
60190000
60191000
60199000
60200000
60200500
60200600
60201000
60202000
60203000
60300900
60309700
60310000
60310050
60310100
60310200
60310900
60310901
60310950
60311000
60312000
60312400
60318000
60320800
60320900
60321800
60325000
60412000
60430000
60430001
60431100
60431500
60432000
60432001
60432490
60432500
60432600
60436150
60436300
60436350
60436400
60439500
60443000
60444500
60444700
60444800
60444850
60444870
60444900
60444950
60444980
60445000
60448000
60450000
60450100
60452000
60453000
60453250
60453300
60453500
60454000
60455000
60478480
60478483
60481000
60492200
60492220
60492240
60492300
60495000
60495001
60495100
60500000
60500040
60500100
60500200
60506000
60510000
60510010
60510011
60510100
60510900
60512000
60512050
60512100
60520000
60530000
60530100
60540000
60542000
60543000
60543700
60543750
60543800
60543900
60544000
60544100
60544101
60544500
60544900
60544990
60545000
60555000
60561000
60564000
60564500
60565000
60567000
60567900
60568000
60568001
60568002
60568010
60568020
60568030
60568031
60569000
60569005
60569015
60570000
60570001
60570010
60570020
60570030
60570031
60570040
60570050
60570060
60570070
60570071
60570072
60570073
60570078
60570080
60570100
60570105
60570110
60570120
60570125
60570200
60570300
60570310
60570315
60570325
60570330
60570400
60570500
60570600
60570601
60571000
60572000
60870000
60875000
60877080
60881000
60882500
60883000
60884000
60885000
60886000
60888000
60889000
60890000
60890001
60891000
60891200
60895000
60895500
60896000
60897000
60897500
60898000
60900000
60901000
60901500
60901800
60902000
60903500
60903800
60904000
60905000
60905900
60906000
60906500
60907000
60908000
60908200
60910000
60910100
60910200
60910300
60911000
60920000
60920010
60920400
60920500
60920700
60920900
60921000
60921500
60921600
60930000
60931000
60935000
60940000
60941000
60943000
60943200
60943700
60943900
60944000
60944100
60944500
60945000
60950000
60955000
60959600
60959700
60959800
60960650
60960700
60960800
60961000
60961030
60961050
60965000
60970000
60975000
60980000
62263000
